100
100
6 96
43 28
12 42
27 66
9 84
43 77
4 100
90 76
11 90
40 76
19 22
13 63
96 29
39 32
69 87
89 26
35 83
53 46
24 31
63 85
67 57
61 70
56 50
97 19
39 88
94 9
9 59
72 57
39 62
88 7
100 76
84 34
58 36
31 34
19 46
18 85
2 30
6 10
31 54
28 21
41 73
30 49
31 53
57 70
66 45
28 65
72 64
51 30
51 81
15 69
26 84
5 80
65 10
89 47
15 16
67 55
40 48
56 71
52 12
92 17
82 80
34 32
9 85
64 75
5 42
10 10
21 74
71 9
20 86
76 38
92 15
38 47
37 89
11 28
6 18
51 39
97 84
22 57
20 85
31 25
26 92
86 46
17 56
6 36
93 81
26 85
96 63
83 32
3 93
12 8
11 62
46 59
97 67
16 69
4 98
45 29
90 30
27 6
37 32
94 30
